0 0 1 1 1 0 0
0 1 0 0 0 1 0
0 1 0 0 0 1 0
0 1 1 1 1 1 0
0 1 0 0 0 1 0
0 1 0 0 0 1 0
0 1 0 0 0 1 0

0 1 1 1 1 0 0
0 1 0 0 0 1 0
0 1 0 0 0 1 0
0 1 1 1 1 0 0
0 1 0 0 0 1 0
0 1 0 0 0 1 0
0 1 1 1 1 0 0

0 0 1 1 1 0 0
0 1 0 0 0 1 0
0 1 0 0 0 0 0
0 1 0 0 0 0 0
0 1 0 0 0 0 0
0 1 0 0 0 1 0
0 0 1 1 1 0 0

0 1 1 1 1 0 0
0 1 0 0 0 1 0
0 1 0 0 0 1 0
0 1 0 0 0 1 0
0 1 0 0 0 1 0
0 1 0 0 0 1 0
0 1 1 1 1 0 0

0 1 1 1 1 1 0
0 1 0 0 0 0 0
0 1 0 0 0 0 0
0 1 1 1 1 0 0
0 1 0 0 0 0 0
0 1 0 0 0 0 0
0 1 1 1 1 1 0

0 1 1 1 1 1 0
0 1 0 0 0 0 0
0 1 0 0 0 0 0
0 1 1 1 1 0 0
0 1 0 0 0 0 0
0 1 0 0 0 0 0
0 1 0 0 0 0 0

0 0 1 1 1 0 0
0 1 0 0 0 1 0
0 1 0 0 0 0 0
0 1 0 0 0 0 0
0 1 0 1 1 1 0
0 1 0 0 0 1 0
0 0 1 1 1 1 0

0 1 0 0 0 1 0
0 1 0 0 0 1 0
0 1 0 0 0 1 0
0 1 1 1 1 1 0
0 1 0 0 0 1 0
0 1 0 0 0 1 0
0 1 0 0 0 1 0

0 1 1 1 1 1 0  I9
0 1 1 1 1 1 0
0 0 1 1 0 0 0
0 0 1 1 0 0 0
0 0 1 1 0 0 0
0 1 1 1 21 23 0
0 1 1 1 1 23 0

0 0 0 0 0 1 0
0 0 0 0 0 1 0
0 0 0 0 0 1 0
0 0 0 0 0 1 0
0 0 0 0 0 1 0
0 1 0 0 0 1 0
0 0 1 1 1 0 0

0 1 0 0 0 1 0 L11
0 1 0 0 1 0 0
0 1 0 1 0 0 0
0 1 1 0 0 0 0
0 1 0 1 0 0 0
0 1 0 0 1 0 0
0 1 0 0 0 1 0

0 1 11 0 0 0 0  L12
0 2 12 0 0 0 0
0 3 13 0 0 0 0
0 4 14 0 0 0 0
0 5 15 0 0 0 0
0 6 16 21 22 23 0
0 7 17 31 32 33 0

0 1 0 0 0 1 0
0 1 1 0 1 1 0
0 1 0 1 0 1 0
0 1 0 1 0 1 0
0 1 0 0 0 1 0
0 1 0 0 0 1 0
0 1 0 0 0 1 0

0 1 0 0 0 1 0
0 1 0 0 0 1 0
0 1 1 0 0 1 0
0 1 0 1 0 1 0
0 1 0 0 1 1 0
0 1 0 0 0 1 0
0 1 0 0 0 1 0

0 0 1 1 1 0 0
0 1 0 0 0 1 0
0 1 0 0 0 1 0
0 1 0 0 0 1 0
0 1 0 0 0 1 0
0 1 0 0 0 1 0
0 0 1 1 1 0 0

0 0 1 1 1 0 0
0 1 0 0 0 1 0
0 1 0 0 0 1 0
0 1 1 1 1 0 0
0 1 0 0 0 0 0
0 1 0 0 0 0 0
0 1 0 0 0 0 0

0 0 1 1 1 0 0
0 1 0 0 0 1 0
0 1 0 0 0 1 0
0 1 0 0 0 1 0
0 1 0 1 0 1 0
0 1 0 0 1 0 0
0 0 1 1 0 1 0

0 1 1 1 1 0 0
0 1 0 0 0 1 0
0 1 0 0 0 1 0
0 1 1 1 1 0 0
0 1 0 1 0 0 0
0 1 0 0 1 0 0
0 1 0 0 0 1 0

0 0 1 1 1 0 0
0 1 0 0 0 1 0
0 1 0 0 0 0 0
0 0 1 1 1 0 0
0 0 0 0 0 1 0
0 1 0 0 0 1 0
0 0 1 1 1 0 0

0 1 1 1 1 1 0
0 0 0 1 0 0 0
0 0 0 1 0 0 0
0 0 0 1 0 0 0
0 0 0 1 0 0 0
0 0 0 1 0 0 0
0 0 0 1 0 0 0

0 1 0 0 0 1 0
0 1 0 0 0 1 0
0 1 0 0 0 1 0
0 1 0 0 0 1 0
0 1 0 0 0 1 0
0 1 0 0 0 1 0
0 0 1 1 1 0 0

0 1 0 0 0 1 0
0 1 0 0 0 1 0
0 1 0 0 0 1 0
0 0 1 0 1 0 0
0 0 1 0 1 0 0
0 0 0 1 0 0 0
0 0 0 1 0 0 0

0 1 0 0 0 1 0
0 1 0 0 0 1 0
0 1 0 0 0 1 0
0 1 0 1 0 1 0
0 1 0 1 0 1 0
0 1 1 0 1 1 0
0 1 0 0 0 1 0

0 1 0 0 0 1 0
0 1 0 0 0 1 0
0 0 1 0 1 0 0
0 0 0 1 0 0 0
0 0 1 0 1 0 0
0 1 0 0 0 1 0
0 1 0 0 0 1 0

0 1 0 0 0 1 0
0 1 0 0 0 1 0
0 0 1 0 1 0 0
0 0 0 1 0 0 0
0 0 0 1 0 0 0
0 0 0 1 0 0 0
0 0 0 1 0 0 0

0 1 1 1 1 1 0
0 0 0 0 0 1 0
0 0 0 0 1 0 0
0 0 0 1 0 0 0
0 0 1 0 0 0 0
0 1 0 0 0 0 0
0 1 1 1 1 1 0